Iteration	bicycle	car	freight	pt	ride	walk
0	0.17521459523612376	0.3040269382572935	0.0014793960972647733	0.21094642709282108	0.09398029311915211	0.2143523501973448
1	0.17655598796610636	0.30187408572769175	0.0014793960972647733	0.20788275233915707	0.09398029311915211	0.21822748475062792
2	0.17694239739449644	0.3017692031685573	0.0014793960972647733	0.20574094007893792	0.09398029311915211	0.22008777014159145
3	0.1773232866881952	0.30226601529077307	0.0014793960972647733	0.20480251718141923	0.09398029311915211	0.2201484916231956
4	0.17822306864287488	0.30189064613176564	0.0014793960972647733	0.2038751345532831	0.09398029311915211	0.22055146145565951
5	0.17869228009163424	0.3025199414865723	0.0014793960972647733	0.20373161105130966	0.09398029311915211	0.21959647815406697
6	0.17853219618558694	0.3024316193315117	0.0014793960972647733	0.2036267284921752	0.09398029311915211	0.2199497667743093
7	0.17818994783472716	0.3023764179845988	0.0014793960972647733	0.20384753387982668	0.09398029311915211	0.22012641108443046
8	0.179150451271011	0.30216665286632993	0.0014793960972647733	0.20348320499020175	0.09398029311915211	0.2197400016560404
9	0.17979630702989152	0.3013717534707847	0.0014793960972647733	0.20343904391267148	0.09398029311915211	0.21993320637023545
10	0.17981286743396538	0.3020396897684304	0.0014793960972647733	0.20276558748033452	0.09398029311915211	0.21992216610085286
11	0.17971350500952224	0.3020672904418868	0.0014793960972647733	0.2028870304435428	0.09398029311915211	0.2198724848886313
12	0.1799343103971737	0.3023929783886727	0.0014793960972647733	0.20204796997046728	0.09398029311915211	0.22016505202726946
13	0.17981286743396538	0.30223841461731665	0.0014793960972647733	0.2020755706439237	0.09398029311915211	0.22041345808837737
14	0.1795147801606359	0.30110126687091165	0.0014793960972647733	0.2024509398029312	0.09398029311915211	0.22147332394910435
15	0.1798846291849521	0.3013055118544892	0.0014793960972647733	0.2019099666031851	0.09398029311915211	0.22144020314095664
16	0.1793160553117496	0.30117854875658967	0.0014793960972647733	0.20233501697441417	0.09398029311915211	0.22171068974082966
17	0.1809555353150617	0.3008031795975822	0.0014793960972647733	0.20243437939885733	0.09398029311915211	0.2203472164720819
18	0.18170075349838535	0.3009246225607905	0.0014793960972647733	0.20182164444812453	0.09398029311915211	0.22009329027628274
19	0.18000607214816042	0.30069829703844775	0.0014793960972647733	0.20278766801909967	0.09398029311915211	0.2210482735778753
20	0.18112665949049156	0.29902569622698794	0.0014793960972647733	0.20242885926416604	0.09398029311915211	0.22195909580193757
21	0.18121498164555216	0.29975987414092903	0.0014793960972647733	0.20181612431343324	0.09398029311915211	0.22174933068366867
22	0.18141922662912974	0.2993293036350087	0.0014793960972647733	0.20209213104799756	0.09398029311915211	0.2216996494714471
23	0.1809444950456791	0.29986475670006346	0.0014793960972647733	0.20304711434959014	0.09398029311915211	0.2206839446882504
24	0.18180011592282852	0.29987579696944605	0.0014793960972647733	0.20205349010515858	0.09398029311915211	0.22081090778614998
25	0.18088377356407495	0.3002290855896884	0.0014793960972647733	0.2013413927299826	0.09398029311915211	0.22208605889983715
26	0.18071816952333636	0.30029532720598384	0.0014793960972647733	0.20223565454997103	0.09398029311915211	0.2212911595042919
27	0.1811597802986393	0.2988876928597058	0.0014793960972647733	0.20255582236206562	0.09398029311915211	0.22193701526317242
28	0.18154066959233806	0.3000745218183324	0.0014793960972647733	0.20259998343959593	0.09398029311915211	0.22032513593331676
29	0.18173387430653307	0.3004002097651183	0.0014793960972647733	0.2027269465374955	0.09398029311915211	0.21967928017443625
30	0.18138058568629076	0.29984267616129834	0.0014793960972647733	0.2033396814882283	0.09398029311915211	0.21997736744776572
31	0.1820540421186277	0.299566669426734	0.0014793960972647733	0.20311887610057686	0.09398029311915211	0.21980072313764457
32	0.18182219646159367	0.29872208881896717	0.0014793960972647733	0.20353840633711462	0.09398029311915211	0.22045761916590764
33	0.18248461262454804	0.2978167867295962	0.0014793960972647733	0.2036708895697055	0.09398029311915211	0.22056802185973337
34	0.1832850321547846	0.2976456625541663	0.0014793960972647733	0.20305263448428143	0.09398029311915211	0.2205569815903508
35	0.1836493610444095	0.29748557864811903	0.0014793960972647733	0.20389721509204825	0.09398029311915211	0.2195081559990064
36	0.18346167646490574	0.2976070216113273	0.0014793960972647733	0.20349424525958434	0.09398029311915211	0.21997736744776572
37	0.1840909718197124	0.2965913168281306	0.0014793960972647733	0.20421738290414287	0.09398029311915211	0.21964063923159724
38	0.18475338798266677	0.2970053269299771	0.0014793960972647733	0.2034776848555105	0.09398029311915211	0.2193039110154288
39	0.1854765256272253	0.29568049460406837	0.0014793960972647733	0.20339488283514118	0.09398029311915211	0.2199884077171483
40	0.18501835444784853	0.29599514228147167	0.0014793960972647733	0.20386409428390054	0.09398029311915211	0.2196627197703624
41	0.18410753222378626	0.29624354834257954	0.0014793960972647733	0.20451547017747232	0.09398029311915211	0.21967376003974498
42	0.1844608208440286	0.2968342027545472	0.0014793960972647733	0.20392481576550467	0.09398029311915211	0.21932047141950264
43	0.18395296845243023	0.2960834644365323	0.0014793960972647733	0.205299329303635	0.09398029311915211	0.21920454859098562
44	0.1840578510115647	0.29723165245231986	0.0014793960972647733	0.20539317159338688	0.09398029311915211	0.21785763572631173
45	0.18395848858712152	0.2964864342689962	0.0014793960972647733	0.20545389307499104	0.09398029311915211	0.2186414948524744
46	0.18458778394192818	0.2960724241671497	0.0014793960972647733	0.20545389307499104	0.09398029311915211	0.21842620959951423
47	0.18465402555822363	0.29512296100024843	0.0014793960972647733	0.2056305373851122	0.09398029311915211	0.2191327868399989
48	0.18484171013772735	0.29502359857580523	0.0014793960972647733	0.20586238304214624	0.09398029311915211	0.21881261902790428
49	0.18414617316662527	0.29473103143716706	0.0014793960972647733	0.20598934614004583	0.09398029311915211	0.21967376003974498
50	0.18431729734205515	0.2952444039634567	0.0014793960972647733	0.20595070519720682	0.09398029311915211	0.21902790428086447
51	0.18371008252601365	0.29548728988987333	0.0014793960972647733	0.20615495018078442	0.09398029311915211	0.21918798818691176
52	0.18341199525268417	0.2962656288813447	0.0014793960972647733	0.20564157765449476	0.09398029311915211	0.21922110899505948
53	0.18336783417515387	0.29605034362838456	0.0014793960972647733	0.20612734950732797	0.09398029311915211	0.21899478347271673
54	0.18396400872181282	0.29430046093124673	0.0014793960972647733	0.20687808782534295	0.09398029311915211	0.21939775330518066
55	0.1838867268361348	0.293323397090889	0.0014793960972647733	0.20753498385360603	0.09398029311915211	0.21979520300295327
56	0.18370456239132235	0.29342827965002344	0.0014793960972647733	0.20763986641274046	0.09398029311915211	0.21976760232949685
57	0.18330159255885844	0.29346692059286245	0.0014793960972647733	0.2082029201512517	0.09398029311915211	0.21956887748061052
58	0.18357207915873147	0.2938257293477961	0.0014793960972647733	0.20867765173470232	0.09398029311915211	0.21846485054235323
59	0.18355551875465762	0.29285418564212967	0.0014793960972647733	0.2094559907261737	0.09398029311915211	0.21867461566062213
60	0.18283238111009908	0.29315779305015044	0.0014793960972647733	0.2095443128812343	0.09398029311915211	0.21900582374209931
61	0.18324087107725429	0.2932129943970633	0.0014793960972647733	0.2097927189423422	0.09398029311915211	0.21829372636692335
62	0.1834782368689796	0.293052910491016	0.0014793960972647733	0.20871629267754133	0.09398029311915211	0.2192928707460462
63	0.1830752670365157	0.2928817863155861	0.0014793960972647733	0.20989760150147663	0.09398029311915211	0.2186856559300047
64	0.18346167646490574	0.2914907123733819	0.0014793960972647733	0.2103612928155447	0.09398029311915211	0.21922662912975077
65	0.18340095498330158	0.2920261654384367	0.0014793960972647733	0.21067042035825675	0.09398029311915211	0.21844277000358808
66	0.1838922469708261	0.2916176754712815	0.0014793960972647733	0.21010736661974552	0.09398029311915211	0.21892302172173
67	0.18453258259501532	0.29160663520189894	0.0014793960972647733	0.21065938008887417	0.09398029311915211	0.2177417128977947
68	0.18541028401092988	0.2902431619331512	0.0014793960972647733	0.21091330628467334	0.09398029311915211	0.21797355855482875
69	0.18362728050564434	0.291087742540918	0.0014793960972647733	0.21149292042725842	0.09398029311915211	0.21833236730976235
70	0.1856807706108029	0.2882283127708316	0.0014793960972647733	0.21149292042725842	0.09398029311915211	0.2191383069746902
71	0.18499627390908338	0.28927161822748476	0.0014793960972647733	0.21177996743120533	0.09398029311915211	0.21849245121580965
72	0.18430625707267256	0.28931577930501506	0.0014793960972647733	0.21168612514145346	0.09398029311915211	0.21923214926444204
73	0.18381496508514808	0.28968562832933126	0.0014793960972647733	0.21206149430046092	0.09398029311915211	0.21897822306864287
74	0.1838425657586045	0.2895034638845188	0.0014793960972647733	0.21194005133725263	0.09398029311915211	0.2192542298032072
75	0.1839695288565041	0.28927713836217606	0.0014793960972647733	0.21206149430046092	0.09398029311915211	0.21923214926444204
76	0.18336783417515387	0.2896911484640225	0.0014793960972647733	0.21193453120256134	0.09398029311915211	0.21954679694184537
77	0.1840523308768734	0.28870856448897353	0.0014793960972647733	0.21228781982280368	0.09398029311915211	0.2194915955949325
78	0.1831083878446634	0.2892992189009412	0.0014793960972647733	0.21234854130440783	0.09398029311915211	0.2197841627335707
79	0.183235350942563	0.28885760812563827	0.0014793960972647733	0.21244790372885097	0.09398029311915211	0.21999944798653087
80	0.18334575363638872	0.28838839667687893	0.0014793960972647733	0.21361265214871242	0.09398029311915211	0.21919350832160306
81	0.18495211283155308	0.28735613148960837	0.0014793960972647733	0.21376721592006845	0.09398029311915211	0.21846485054235323
82	0.183312632828241	0.2874610140487428	0.0014793960972647733	0.21392177969142448	0.09398029311915211	0.21984488421517484
83	0.18379840468107422	0.28836079600342246	0.0014793960972647733	0.21400458171179376	0.09398029311915211	0.21837652838729266
84	0.1834892771383622	0.2878253429383677	0.0014793960972647733	0.21430266898512323	0.09398029311915211	0.21892302172173
85	0.18297590461207253	0.2869862824652922	0.0014793960972647733	0.21551709861720625	0.09398029311915211	0.21906102508901218
86	0.18278822003256878	0.286252104551351	0.0014793960972647733	0.21552813888658884	0.09398029311915211	0.21997184731307443
87	0.18314150865281112	0.28524744003753694	0.0014793960972647733	0.2163506389555905	0.09398029311915211	0.21980072313764457
88	0.1825066931633132	0.2858215340454307	0.0014793960972647733	0.21629543760867764	0.09398029311915211	0.21991664596616156
89	0.1820926830614667	0.28551240650271864	0.0014793960972647733	0.21702961552261876	0.09398029311915211	0.219905605696779
90	0.18159035080455962	0.2861913830697469	0.0014793960972647733	0.216726008114598	0.09398029311915211	0.22003256879467858
91	0.18306422676713313	0.28454086279705226	0.0014793960972647733	0.21675360878805444	0.09398029311915211	0.22018161243134332
92	0.18187739780850654	0.2843090171400182	0.0014793960972647733	0.21735530346940465	0.09398029311915211	0.22099859236565372
93	0.1824183710082526	0.2834699566669427	0.0014793960972647733	0.21837652838729266	0.09398029311915211	0.2202754547210952
94	0.18299798515083768	0.2834037150506472	0.0014793960972647733	0.2181446827302586	0.09398029311915211	0.21999392785183958
95	0.18173387430653307	0.2846623057602605	0.0014793960972647733	0.21863597471778312	0.09398029311915211	0.2195081559990064
96	0.18174491457591566	0.28561176892716184	0.0014793960972647733	0.21784659545692914	0.09398029311915211	0.2193370318235765
97	0.18161243134332478	0.28494383262951617	0.0014793960972647733	0.21842620959951423	0.09398029311915211	0.21955783721122796
98	0.18153514945764676	0.28496039303359	0.0014793960972647733	0.21841516933013166	0.09398029311915211	0.21962959896221468
99	0.18137506555159946	0.28470094670309953	0.0014793960972647733	0.2185200518892661	0.09398029311915211	0.219944246639618
100	0.1807071292539538	0.2842814164665618	0.0014793960972647733	0.2196571996356711	0.09398029311915211	0.21989456542739644
101	0.18133642460876045	0.2833871546465734	0.0014793960972647733	0.21955783721122796	0.09398029311915211	0.22025889431702134
102	0.18141370649443847	0.2834533962628688	0.0014793960972647733	0.21943087411332837	0.09398029311915211	0.22024233391294748
103	0.18170075349838535	0.28365764124644643	0.0014793960972647733	0.21906654522370345	0.09398029311915211	0.2201153708150479
104	0.1811100990864177	0.2823052082470812	0.0014793960972647733	0.22036377687615577	0.09398029311915211	0.2207612265739284
105	0.18077337087024922	0.2835748392260771	0.0014793960972647733	0.22036929701084707	0.09398029311915211	0.21982280367640972
106	0.18065192790704093	0.2831221881813916	0.0014793960972647733	0.22099859236565372	0.09398029311915211	0.21976760232949685
107	0.1807016091192625	0.2826640170020148	0.0014793960972647733	0.22026441445171263	0.09398029311915211	0.22091027021059315
108	0.18062984736827578	0.282570174712263	0.0014793960972647733	0.22104275344318403	0.09398029311915211	0.22029753525986034
109	0.18048080373161104	0.2818028759901742	0.0014793960972647733	0.22152852529601721	0.09398029311915211	0.2207281057657807
110	0.18117634070271316	0.28087549336203804	0.0014793960972647733	0.22143468300626534	0.09398029311915211	0.2210537937125666
111	0.1807016091192625	0.28177527531671775	0.0014793960972647733	0.22111451519417075	0.09398029311915211	0.22094891115343215
112	0.18092793464160525	0.2814882283127708	0.0014793960972647733	0.22134084071651347	0.09398029311915211	0.22078330711269356
113	0.18082305208247082	0.2825922552510281	0.0014793960972647733	0.2205183406475118	0.09398029311915211	0.22060666280257238
114	0.1791228505975546	0.28268609754078	0.0014793960972647733	0.22124699842676163	0.09398029311915211	0.22148436421848694
115	0.18023239767050317	0.2823217686511551	0.0014793960972647733	0.22139604206342633	0.09398029311915211	0.22059010239849852
116	0.181154260163948	0.2806933289172256	0.0014793960972647733	0.22208053876514586	0.09398029311915211	0.22061218293726367
117	0.1807512903314841	0.28053324501117827	0.0014793960972647733	0.22266015290773095	0.09398029311915211	0.22059562253318982
118	0.18038696144185917	0.2803952416438961	0.0014793960972647733	0.22253318980983136	0.09398029311915211	0.22122491788799648
119	0.1800888741685297	0.2813833457536364	0.0014793960972647733	0.22262703209958323	0.09398029311915211	0.22044105876183379
120	0.18030967955618116	0.2802627584113052	0.0014793960972647733	0.22242830725069693	0.09398029311915211	0.2215395655653998
121	0.17944301840964919	0.27972730534625045	0.0014793960972647733	0.22379730065413597	0.09398029311915211	0.22157268637354752
122	0.18013303524606	0.28014683558278825	0.0014793960972647733	0.2232121663768596	0.09398029311915211	0.2210482735778753
123	0.17954790096878365	0.28013579531340566	0.0014793960972647733	0.22359857580524964	0.09398029311915211	0.2212580386961442
124	0.1788744445364467	0.2798432281747675	0.0014793960972647733	0.22409538792746542	0.09398029311915211	0.22172725014490355
125	0.17897932709558112	0.27967210399933756	0.0014793960972647733	0.22399050536833098	0.09398029311915211	0.2218983743203334
126	0.179073169385333	0.2798432281747675	0.0014793960972647733	0.22401258590709613	0.09398029311915211	0.22161132731638652
127	0.17903452844249398	0.27976594628908946	0.0014793960972647733	0.2245149181640032	0.09398029311915211	0.22122491788799648
128	0.17920013248323258	0.27932985564847784	0.0014793960972647733	0.2250779719025144	0.09398029311915211	0.2209323507493583
129	0.17928845463829318	0.2793353757831691	0.0014793960972647733	0.22493996853523227	0.09398029311915211	0.22097651182688857
130	0.17921117275261517	0.2795341006320554	0.0014793960972647733	0.22461980072313764	0.09398029311915211	0.22117523667577488
131	0.17927189423421933	0.2772598051392454	0.0014793960972647733	0.2258673511633684	0.09398029311915211	0.22214126024675002
132	0.1785818773978085	0.2782755099224421	0.0014793960972647733	0.22595567331842897	0.09398029311915211	0.22172725014490355
133	0.17878060224669481	0.2782037481714554	0.0014793960972647733	0.22588391156744225	0.09398029311915211	0.22167204879799068
134	0.17848803510805664	0.2784411139631807	0.0014793960972647733	0.22552510281250862	0.09398029311915211	0.22208605889983715
135	0.17876404184262096	0.27686787557616405	0.0014793960972647733	0.2268499351384174	0.09398029311915211	0.22205845822638073
136	0.17853219618558694	0.2778228588777566	0.0014793960972647733	0.2269989787750821	0.09398029311915211	0.22118627694515747
137	0.1781402666225056	0.2772266843310977	0.0014793960972647733	0.22652976732632277	0.09398029311915211	0.2226435925036571
138	0.1775330518064641	0.2779829427838039	0.0014793960972647733	0.2258563108939858	0.09398029311915211	0.22316800529932931
139	0.17933261571582346	0.27698931853937236	0.0014793960972647733	0.22628136126521486	0.09398029311915211	0.22193701526317242
140	0.17897380696088985	0.2767353923435732	0.0014793960972647733	0.2270044989097734	0.09398029311915211	0.2218266125693467
141	0.1787419613038558	0.2766967514007342	0.0014793960972647733	0.2272418647014987	0.09398029311915211	0.2218597333774944
142	0.1778035384063371	0.2770169192128288	0.0014793960972647733	0.22783251911346636	0.09398029311915211	0.22188733405095085
143	0.17859843780188236	0.27572520769506775	0.0014793960972647733	0.22792084126852696	0.09398029311915211	0.22229582401810605
144	0.17878060224669481	0.27575280836852417	0.0014793960972647733	0.22779939830531865	0.09398029311915211	0.22220750186304547
145	0.17859291766719107	0.27601225469901464	0.0014793960972647733	0.2276172338605062	0.09398029311915211	0.2223179045568712
146	0.1787088404957081	0.27564792580938974	0.0014793960972647733	0.22807540503988297	0.09398029311915211	0.2221081394386023
147	0.17746129005547737	0.27500759018520055	0.0014793960972647733	0.22952168032900003	0.09398029311915211	0.22254975021390522
148	0.1779415417736193	0.2751290331484088	0.0014793960972647733	0.22840661312136015	0.09398029311915211	0.22306312274019485
149	0.17770417598189395	0.27449421765891086	0.0014793960972647733	0.23010129447158512	0.09398029311915211	0.22224062267119318
150	0.17873644116916454	0.2747095029118711	0.0014793960972647733	0.22919047224752284	0.09398029311915211	0.2219038944550247
151	0.17782561894510227	0.275151113687174	0.0014793960972647733	0.23000193204714195	0.09398029311915211	0.22156164610416496
152	0.17684855510474456	0.27537743920951674	0.0014793960972647733	0.2297866467941818	0.09398029311915211	0.22252766967514007
153	0.17763241423090723	0.27406364715299053	0.0014793960972647733	0.2302172173001021	0.09398029311915211	0.22262703209958323
154	0.1774833705942425	0.2746487814302669	0.0014793960972647733	0.22947751925146972	0.09398029311915211	0.22293063950760397
155	0.17749993099831635	0.27420717065496397	0.0014793960972647733	0.2304711434959013	0.09398029311915211	0.22236206563440147
156	0.17721288399436946	0.27453837873644116	0.0014793960972647733	0.2301896166266457	0.09398029311915211	0.2225994314261268
157	0.1765394275620325	0.2742347713284204	0.0014793960972647733	0.2310397173691038	0.09398029311915211	0.2227263945240264
158	0.17692031685573129	0.2740691672876818	0.0014793960972647733	0.23088515359774778	0.09398029311915211	0.22266567304242224
159	0.17685407523943583	0.27302586183102867	0.0014793960972647733	0.23184013689934035	0.09398029311915211	0.22282023681377824
160	0.17677127321906655	0.2728381772515249	0.0014793960972647733	0.23138196571996356	0.09398029311915211	0.22354889459302807
161	0.17657254837018024	0.273185945737076	0.0014793960972647733	0.2314040462587287	0.09398029311915211	0.22337777041759818
162	0.17660566917832796	0.2727332946923905	0.0014793960972647733	0.23190637851563578	0.09398029311915211	0.2232949683972289
163	0.17627446109685077	0.2736606773205266	0.0014793960972647733	0.23170213353205818	0.09398029311915211	0.22290303883414755
164	0.17623030001932047	0.2732135464105324	0.0014793960972647733	0.23151444895255444	0.09398029311915211	0.22358201540117578
165	0.1751925146973586	0.2727719356352295	0.0014793960972647733	0.23293864370290635	0.09398029311915211	0.22363721674808865
166	0.17645662554166322	0.27230272418647017	0.0014793960972647733	0.23294416383759764	0.09398029311915211	0.22283679721785213
167	0.17590461207253458	0.271932875162154	0.0014793960972647733	0.2335624189230217	0.09398029311915211	0.22314040462587287
168	0.1760150147663603	0.2715188650603075	0.0014793960972647733	0.23386050619635118	0.09398029311915211	0.22314592476056416
169	0.17563412547266152	0.2716403080235158	0.0014793960972647733	0.23383842565758606	0.09398029311915211	0.22342745162981978
170	0.17555132345229224	0.27168446910104604	0.0014793960972647733	0.2341806740084458	0.09398029311915211	0.223123844221799
171	0.17550716237476194	0.27209847920289254	0.0014793960972647733	0.23383842565758606	0.09398029311915211	0.2230962435483426
172	0.1752035549667412	0.2727498550964644	0.0014793960972647733	0.23349617730672628	0.09398029311915211	0.2230907234136513
173	0.17539123954624491	0.27298722088818966	0.0014793960972647733	0.23326985178438353	0.09398029311915211	0.222891998564765
174	0.17497170930970715	0.2727719356352295	0.0014793960972647733	0.2334464960945047	0.09398029311915211	0.22335016974414176
175	0.1747509039220557	0.2720432778559797	0.0014793960972647733	0.23400954983301592	0.09398029311915211	0.2237365791725318
176	0.17570036708895698	0.2713422207501863	0.0014793960972647733	0.2340205901023985	0.09398029311915211	0.22347713284204135
177	0.17521459523612376	0.2708067676851315	0.0014793960972647733	0.23503629488559521	0.09398029311915211	0.22348265297673264
178	0.17542436035439266	0.27138638182771657	0.0014793960972647733	0.2348375700367089	0.09398029311915211	0.222891998564765
179	0.17586045099500427	0.271104854958461	0.0014793960972647733	0.2345560431674533	0.09398029311915211	0.22301896166266458
180	0.17582181005216527	0.2712318180563606	0.0014793960972647733	0.23448980155115784	0.09398029311915211	0.22299688112389943
181	0.17493306836686814	0.27097789186056137	0.0014793960972647733	0.23490381165300434	0.09398029311915211	0.22372553890314922
182	0.17456873947724325	0.27055284148933234	0.0014793960972647733	0.2357318318566973	0.09398029311915211	0.22368689796031024
183	0.17460738042008225	0.27071292539537967	0.0014793960972647733	0.23548342579558942	0.09398029311915211	0.2237365791725318
184	0.17497170930970715	0.26953161657144437	0.0014793960972647733	0.23681929839088073	0.09398029311915211	0.22321768651155088
185	0.17505451133007646	0.26939361320416216	0.0014793960972647733	0.23682481852557202	0.09398029311915211	0.22326736772377245
186	0.17541884021970136	0.270122270983412	0.0014793960972647733	0.2361348016891612	0.09398029311915211	0.22286439789130855
187	0.17505451133007646	0.2692611299715713	0.0014793960972647733	0.236670254754216	0.09398029311915211	0.22355441472771936
188	0.17470122270983413	0.27006154950180783	0.0014793960972647733	0.23676409704396786	0.09398029311915211	0.22301344152797328
189	0.17435345422428308	0.26976346222847836	0.0014793960972647733	0.23742099307223097	0.09398029311915211	0.22300240125859072
190	0.17460186028539096	0.2690182440451547	0.0014793960972647733	0.23714498633766665	0.09398029311915211	0.22377522011537082
191	0.17508763213822418	0.26903480444922856	0.0014793960972647733	0.23658193259915541	0.09398029311915211	0.22383594159697498
192	0.17456321934255195	0.2687863983881207	0.0014793960972647733	0.2376859595374127	0.09398029311915211	0.22350473351549777
193	0.17443625624465237	0.26821782451491816	0.0014793960972647733	0.23796196627197705	0.09398029311915211	0.22392426375203556
194	0.17469018244045154	0.2683227070740526	0.0014793960972647733	0.23808892936987663	0.09398029311915211	0.22343849189920234
195	0.1738014407551544	0.2692721702409539	0.0014793960972647733	0.23774668101901686	0.09398029311915211	0.22372001876845796
196	0.17464050122822997	0.2676713311804808	0.0014793960972647733	0.23865198310838784	0.09398029311915211	0.22357649526648452
197	0.17467914217106897	0.2676823714498634	0.0014793960972647733	0.23870166432060944	0.09398029311915211	0.22347713284204135
198	0.1745411388037868	0.2672683613480169	0.0014793960972647733	0.2389942314592476	0.09398029311915211	0.2237365791725318
199	0.17366343738787227	0.2680135795313406	0.0014793960972647733	0.23900527172863018	0.09398029311915211	0.2238580221357401
200	0.17535259860340593	0.2676768513151721	0.0014793960972647733	0.23799508708012476	0.09398029311915211	0.22351577378488036
201	0.17482266567304242	0.2685655930004692	0.0014793960972647733	0.23779636223123843	0.09398029311915211	0.22335568987883303
202	0.17497722944439845	0.26862079434738206	0.0014793960972647733	0.23747067428445254	0.09398029311915211	0.22347161270735005
203	0.17419889045292705	0.2687587977146642	0.0014793960972647733	0.23794540586790316	0.09398029311915211	0.22363721674808865
204	0.1744252159752698	0.2688636802737987	0.0014793960972647733	0.23790676492506418	0.09398029311915211	0.22334464960945047
205	0.17457425961193454	0.26750020700505095	0.0014793960972647733	0.23889486903480445	0.09398029311915211	0.22357097513179322
206	0.17367999779194612	0.2679583781844277	0.0014793960972647733	0.2385029394717231	0.09398029311915211	0.22439899533548618
207	0.17342055146145566	0.26777621373961524	0.0014793960972647733	0.2391211945571472	0.09398029311915211	0.22422235102536503
208	0.17411608843255774	0.26744500565813806	0.0014793960972647733	0.23909911401838205	0.09398029311915211	0.22388010267450525
209	0.17334878971046894	0.26777069360492395	0.0014793960972647733	0.23893903011233475	0.09398029311915211	0.2244817973558555
210	0.1732439071513345	0.26713035798073476	0.0014793960972647733	0.23898319118986502	0.09398029311915211	0.22518285446164887
211	0.17347575280836852	0.26814054262924014	0.0014793960972647733	0.23959592614059783	0.09398029311915211	0.2233280892053766
212	0.1745411388037868	0.26667770693604925	0.0014793960972647733	0.24021418122602192	0.09398029311915211	0.22310728381772515
213	0.17389528304490628	0.26656178410753223	0.0014793960972647733	0.24025282216886093	0.09398029311915211	0.22383042146228369
214	0.17399464546934945	0.2659159283486517	0.0014793960972647733	0.24036874499737793	0.09398029311915211	0.22426099196820404
215	0.17364135684910711	0.26687643178493553	0.0014793960972647733	0.24035218459330407	0.09398029311915211	0.22367033755623636
216	0.17365791725318097	0.2660484115812426	0.0014793960972647733	0.24085451685021114	0.09398029311915211	0.22397946509894842
217	0.17428169247329633	0.2660208109077862	0.0014793960972647733	0.24036874499737793	0.09398029311915211	0.2238690624051227
218	0.17398912533465816	0.26581656592420855	0.0014793960972647733	0.240871077254285	0.09398029311915211	0.2238635422704314
219	0.17310590378405233	0.2663796196627198	0.0014793960972647733	0.2408821175236676	0.09398029311915211	0.22417266981314343
220	0.17332670917170379	0.2654301564958185	0.0014793960972647733	0.24204134580883774	0.09398029311915211	0.2237420993072231
221	0.17302310176368305	0.2648947034307637	0.0014793960972647733	0.2422566310617979	0.09398029311915211	0.22436587452733847
222	0.1729513400126963	0.2653473544754492	0.0014793960972647733	0.2422676713311805	0.09398029311915211	0.22397394496425713
223	0.1722613231762855	0.26594352902210816	0.0014793960972647733	0.24195302365377716	0.09398029311915211	0.22438243493141233
224	0.17272501449035357	0.265998730369021	0.0014793960972647733	0.24204134580883774	0.09398029311915211	0.22377522011537082
225	0.17169826943777428	0.2654301564958185	0.0014793960972647733	0.24258783914327509	0.09398029311915211	0.22482404570671524
226	0.17228892384974193	0.26590488807926915	0.0014793960972647733	0.2420192652700726	0.09398029311915211	0.22432723358449946
227	0.17184179293974772	0.2659766498302559	0.0014793960972647733	0.24244431564130164	0.09398029311915211	0.2242775523722779
228	0.17281885678010545	0.2649278242389114	0.0014793960972647733	0.24316193315116888	0.09398029311915211	0.22363169661339738
229	0.171615467417405	0.26502718666335456	0.0014793960972647733	0.24289696668598715	0.09398029311915211	0.22500069001683642
230	0.1724214070823328	0.2660097706384036	0.0014793960972647733	0.2420137451353813	0.09398029311915211	0.22409538792746542
231	0.17149402445419668	0.26573928403853053	0.0014793960972647733	0.24248847671883195	0.09398029311915211	0.22481852557202395
232	0.17149954458888797	0.2651099886837239	0.0014793960972647733	0.24365874527338466	0.09398029311915211	0.2242720322375866
233	0.1716430680908614	0.2652369517816235	0.0014793960972647733	0.24253815793105352	0.09398029311915211	0.22512213298004471
234	0.1714112224338274	0.26543567663050976	0.0014793960972647733	0.2438850707957274	0.09398029311915211	0.22380834092351853
235	0.17214540034776848	0.2644586127901521	0.0014793960972647733	0.24407275537523115	0.09398029311915211	0.2238635422704314
236	0.1710027324666722	0.26429852888410477	0.0014793960972647733	0.24453644668929922	0.09398029311915211	0.22470260274350695
237	0.17180315199690874	0.2644420523860782	0.0014793960972647733	0.24389611106511	0.09398029311915211	0.22439899533548618
238	0.17138914189506224	0.26458005575336035	0.0014793960972647733	0.24361458419585438	0.09398029311915211	0.22495652893930612
239	0.17155474593580083	0.2645690154839778	0.0014793960972647733	0.2440561949711573	0.09398029311915211	0.22436035439264718
240	0.17126217879716266	0.26462973696558195	0.0014793960972647733	0.2438850707957274	0.09398029311915211	0.22476332422511108
241	0.17154922580110954	0.26385139797411056	0.0014793960972647733	0.24451988628522536	0.09398029311915211	0.22461980072313764
242	0.17135050095222323	0.2648947034307637	0.0014793960972647733	0.24412795672214402	0.09398029311915211	0.22416714967845217
243	0.17183627280505645	0.26417708592089645	0.0014793960972647733	0.24412243658745272	0.09398029311915211	0.22440451547017748
244	0.17142226270320995	0.2640004416107753	0.0014793960972647733	0.24459164803621208	0.09398029311915211	0.22452595843338577
245	0.17125665866247136	0.2629516160194309	0.0014793960972647733	0.24494493665645442	0.09398029311915211	0.22538709944522647
246	0.17117937677679335	0.2633435455825122	0.0014793960972647733	0.2456459937622478	0.09398029311915211	0.22437139466202977
247	0.17154370566641827	0.2630178576357263	0.0014793960972647733	0.24516022190941458	0.09398029311915211	0.22481852557202395
248	0.17126217879716266	0.26341530733349894	0.0014793960972647733	0.24487869504015897	0.09398029311915211	0.22498412961276254
249	0.17178107145814359	0.2628522535949877	0.0014793960972647733	0.2456128729541001	0.09398029311915211	0.22429411277635175
250	0.17131186000938423	0.26305649857856533	0.0014793960972647733	0.24541414810521378	0.09398029311915211	0.22475780409041982
251	0.17169826943777428	0.2626976898236317	0.0014793960972647733	0.24510502056250172	0.09398029311915211	0.2250393309596754
252	0.1714001821644448	0.262857773729679	0.0014793960972647733	0.24570119510916066	0.09398029311915211	0.22458115978029863
253	0.1705059203444564	0.26306753884794787	0.0014793960972647733	0.24586127901520796	0.09398029311915211	0.22510557257597086
254	0.1712345781237062	0.2624768844359802	0.0014793960972647733	0.24593856090088598	0.09398029311915211	0.22489028732301067
255	0.17112417542988048	0.26225055891363747	0.0014793960972647733	0.24681074218210924	0.09398029311915211	0.22435483425795588
256	0.1706273633076647	0.26295713615412214	0.0014793960972647733	0.2456515138969391	0.09398029311915211	0.22530429742485716
257	0.17121249758494106	0.2625376059175844	0.0014793960972647733	0.24611520521100716	0.09398029311915211	0.2246750020700505
258	0.17084264856062487	0.2627363307664707	0.0014793960972647733	0.24626976898236316	0.09398029311915211	0.22469156247412436
259	0.17133394054814938	0.2604951560818084	0.0014793960972647733	0.24803621208357485	0.09398029311915211	0.2246750020700505
260	0.1710358532748199	0.26106925008970217	0.0014793960972647733	0.24697634622284784	0.09398029311915211	0.2254588611962132
261	0.17168722916839171	0.26060003864094283	0.0014793960972647733	0.24721923214926445	0.09398029311915211	0.22503381082498414
262	0.17139466202975354	0.2608650051061246	0.0014793960972647733	0.24711986972482128	0.09398029311915211	0.22516077392288372
263	0.17053352101791283	0.2611520521100715	0.0014793960972647733	0.2477657254837018	0.09398029311915211	0.225089012171897
264	0.17154922580110954	0.2608594849714333	0.0014793960972647733	0.24761668184703706	0.09398029311915211	0.2245149181640032
265	0.1704231183240871	0.26101404874278933	0.0014793960972647733	0.24792580938974912	0.09398029311915211	0.22517733432695758
266	0.17051696061383897	0.2609146863183462	0.0014793960972647733	0.24737931605531174	0.09398029311915211	0.22572934779608622
267	0.1712456183930888	0.26070492120007727	0.0014793960972647733	0.24762772211641965	0.09398029311915211	0.22496204907399742
268	0.17141674256851866	0.26101404874278933	0.0014793960972647733	0.2472357925533383	0.09398029311915211	0.2248737269189368
269	0.1703458364384091	0.2618420689464823	0.0014793960972647733	0.24704810797383456	0.09398029311915211	0.22530429742485716
270	0.17020783307112694	0.261759266926113	0.0014793960972647733	0.24775468521431923	0.09398029311915211	0.22481852557202395
271	0.16979382296928044	0.26100852860809803	0.0014793960972647733	0.2488697524219591	0.09398029311915211	0.22486820678424554
272	0.1702299136098921	0.26075460241229886	0.0014793960972647733	0.24900223565454996	0.09398029311915211	0.22455355910684222
273	0.17047831967099997	0.26035163257983496	0.0014793960972647733	0.24833429935690432	0.09398029311915211	0.22537605917584388
274	0.1704175981893958	0.2596340150699677	0.0014793960972647733	0.2490353564626977	0.09398029311915211	0.2254533410615219
275	0.16962821892854185	0.26035715271452625	0.0014793960972647733	0.24990201760922967	0.09398029311915211	0.22465292153128535
276	0.16909828599817836	0.2601529077309486	0.0014793960972647733	0.24985785653169937	0.09398029311915211	0.22543126052275675
277	0.16966133973668956	0.25991554193922334	0.0014793960972647733	0.24983025585824295	0.09398029311915211	0.22513317324942728
278	0.1698159035080456	0.26066076012254696	0.0014793960972647733	0.24910711821368442	0.09398029311915211	0.22495652893930612
279	0.16994286660594518	0.2600921862493445	0.0014793960972647733	0.24921752090751015	0.09398029311915211	0.2252877370207833
280	0.16929149071237337	0.26076012254699016	0.0014793960972647733	0.2488200712097375	0.09398029311915211	0.22566862631448206
281	0.16999806795285805	0.2605779581021777	0.0014793960972647733	0.24906295713615412	0.09398029311915211	0.22490132759239326
282	0.16911484640225222	0.2604068339267478	0.0014793960972647733	0.24983577599293422	0.09398029311915211	0.22518285446164887
283	0.1697717424305153	0.26029643123292207	0.0014793960972647733	0.24911815848306698	0.09398029311915211	0.22535397863707873
284	0.1696447793326157	0.26030195136761336	0.0014793960972647733	0.2496812122215782	0.09398029311915211	0.22491236786177582
285	0.16945709475311196	0.26027435069415694	0.0014793960972647733	0.2493941652176313	0.09398029311915211	0.2254147001186829
286	0.17073224586679914	0.2601197869228009	0.0014793960972647733	0.24819629598962215	0.09398029311915211	0.2254919820043609
287	0.16875603764731859	0.2606110789103254	0.0014793960972647733	0.2496480914134305	0.09398029311915211	0.22552510281250862
288	0.16942949407965555	0.25982169964947144	0.0014793960972647733	0.24974193370318234	0.09398029311915211	0.22554718335127377
289	0.1696944605448373	0.2601032265187271	0.0014793960972647733	0.24965361154812177	0.09398029311915211	0.225089012171897
290	0.1695674974469377	0.2588170351356573	0.0014793960972647733	0.25044299080897575	0.09398029311915211	0.22571278739201237
291	0.16949573569595097	0.25924760564157767	0.0014793960972647733	0.2500565813805857	0.09398029311915211	0.2257403880654688
292	0.17004222903038835	0.2589881593110872	0.0014793960972647733	0.25039882973144545	0.09398029311915211	0.22511109271066215
293	0.16971102094891116	0.2593138472578731	0.0014793960972647733	0.2502829069029284	0.09398029311915211	0.22523253567387044
294	0.1691645276144738	0.25947945129861166	0.0014793960972647733	0.24973641356849108	0.09398029311915211	0.22615991830200657
295	0.16972758135298502	0.25869559217244903	0.0014793960972647733	0.2506693163313185	0.09398029311915211	0.2254478209268306
296	0.1696447793326157	0.25833678341751537	0.0014793960972647733	0.2508735613148961	0.09398029311915211	0.22568518671855592
297	0.1698931853937236	0.2590212801192349	0.0014793960972647733	0.2504209102702106	0.09398029311915211	0.225204935000414
298	0.1694515746184207	0.258463746515415	0.0014793960972647733	0.2508735613148961	0.09398029311915211	0.22575142833485137
299	0.16955093704286384	0.25758052496480915	0.0014793960972647733	0.251237890204521	0.09398029311915211	0.22617095857138914
300	0.1699815075487842	0.2580773370870249	0.0014793960972647733	0.25085148077613095	0.09398029311915211	0.22562998537164305
301	0.16957853771632028	0.25818221964615934	0.0014793960972647733	0.25125997074328615	0.09398029311915211	0.22551958267781733
302	0.16999254781816675	0.25806629681764237	0.0014793960972647733	0.25081835996798324	0.09398029311915211	0.2256631061797908
303	0.17031271563026137	0.2578786122381386	0.0014793960972647733	0.251044685490326	0.09398029311915211	0.22530429742485716
304	0.16814882283127708	0.2583809444950457	0.0014793960972647733	0.25203830973475755	0.09398029311915211	0.22597223372250283
305	0.1688388396676879	0.25896055863763073	0.0014793960972647733	0.2520493500041401	0.09398029311915211	0.22469156247412436
306	0.16873947724324473	0.25823190085838094	0.0014793960972647733	0.25227015539179154	0.09398029311915211	0.22529877729016587
307	0.16838066848831112	0.2584968673235627	0.0014793960972647733	0.2521652728326571	0.09398029311915211	0.2254975021390522
308	0.16875603764731859	0.2577461290055477	0.0014793960972647733	0.2522039137754961	0.09398029311915211	0.22583423035522066
309	0.16872843697386217	0.2578841323728299	0.0014793960972647733	0.2524191990284563	0.09398029311915211	0.22550854240843476
310	0.16873947724324473	0.2577019679280174	0.0014793960972647733	0.25239159835499986	0.09398029311915211	0.22570726725732107
311	0.168629074549419	0.2577626894096216	0.0014793960972647733	0.25196102784907953	0.09398029311915211	0.226187518975463
312	0.1691976484226215	0.25765780685048717	0.0014793960972647733	0.2521873533714223	0.09398029311915211	0.2254975021390522
313	0.16776241340288703	0.25745356186690954	0.0014793960972647733	0.2529380916894372	0.09398029311915211	0.22638624382434933
314	0.1688774806105269	0.2568629074549419	0.0014793960972647733	0.25278904805277247	0.09398029311915211	0.22601087466534184
315	0.16838066848831112	0.25744804173221825	0.0014793960972647733	0.25268416549363804	0.09398029311915211	0.2260274350694157
316	0.16933013165521238	0.25634401479396096	0.0014793960972647733	0.2529988131710414	0.09398029311915211	0.2258673511633684
317	0.16893268195743977	0.2577406088708564	0.0014793960972647733	0.2528994507465982	0.09398029311915211	0.22496756920868868
318	0.16956197731224643	0.2573431591730838	0.0014793960972647733	0.25244127956722145	0.09398029311915211	0.22519389473103144
319	0.16861251414534514	0.25704507189975434	0.0014793960972647733	0.2533797024647401	0.09398029311915211	0.22550302227374347
320	0.1682702657944854	0.2573376390383925	0.0014793960972647733	0.253357621925975	0.09398029311915211	0.2255747840247302
321	0.1686621953575667	0.2569788302834589	0.0014793960972647733	0.2529656923628937	0.09398029311915211	0.22593359277966382
